每幅图像的标定误差：
第1幅图像的平均误差：0.0761133像素
第2幅图像的平均误差：0.0651206像素
第3幅图像的平均误差：0.0620533像素
第4幅图像的平均误差：0.0745788像素
第5幅图像的平均误差：0.0768995像素
第6幅图像的平均误差：0.0751062像素
第7幅图像的平均误差：0.0782937像素
第8幅图像的平均误差：0.0652085像素
第9幅图像的平均误差：0.0732038像素
第10幅图像的平均误差：0.0611556像素
总体平均误差：0.0707733像素

相机内参数矩阵：
[987.8162802728854, 0, 515.7196277867043;
 0, 999.9341934371877, 383.1530462255868;
 0, 0, 1]

畸变系数：
[0.2181693038172464, -0.5750471376539981, -0.00785331353651738, 0.004681346297552875, 0.3820630120717159]


第1幅图像的旋转向量：
[2.024907898742474;
 -2.104365123302264;
 0.3572680287741782]
第1幅图像的旋转矩阵：
[-0.04221553567234615, -0.998825404255607, 0.02378361540052518;
 -0.9507087966394846, 0.03283978465306248, -0.3083412598667969;
 0.3071980347271122, -0.03562808383233251, -0.9509784472332884]

第1幅图像的平移向量：
[81.81332751612901;
 117.284842942094;
 408.8673075083113]

第2幅图像的旋转向量：
[2.08755700647794;
 -2.101108170981691;
 0.1104631069070981]
第2幅图像的旋转矩阵：
[8.364387662873618e-05, -0.9973163941052345, -0.07321204171879518;
 -0.9841415875564781, 0.01290459898717711, -0.1769146883862259;
 0.1773846911250155, 0.07206581279575536, -0.9814994600001419]

第2幅图像的平移向量：
[89.69368973956408;
 121.3326293208698;
 410.7228599582957]

第3幅图像的旋转向量：
[-2.186407959811796;
 2.140258811374134;
 -0.03440102872916873]
第3幅图像的旋转矩阵：
[0.02283772337742573, -0.9970556680261679, 0.0732013199869268;
 -0.9988931865112315, -0.01974555162751312, 0.04269092564425496;
 -0.04111982894388411, -0.07409526332915935, -0.9964030568097472]

第3幅图像的平移向量：
[87.91642608048215;
 117.0481135095525;
 412.7126342886979]

第4幅图像的旋转向量：
[2.119494132752775;
 -2.04442600428025;
 -0.1078026395963597]
第4幅图像的旋转矩阵：
[0.04378774780343708, -0.9814925830020952, -0.1864267755827432;
 -0.9956557873679509, -0.02752441861728783, -0.08894919595188366;
 0.08217168747816313, 0.189511782988964, -0.9784340028256044]

第4幅图像的平移向量：
[89.92369113177301;
 118.1072699140708;
 416.1703845724186]

第5幅图像的旋转向量：
[2.150333633426306;
 -2.250875260740435;
 0.1616482260604632]
第5幅图像的旋转矩阵：
[-0.04807400481337232, -0.9973897775843285, 0.05387505574463756;
 -0.9948529424086262, 0.04299547781342483, -0.09175517352440808;
 0.08919928834975527, -0.05800879638364563, -0.99432311976541]

第5幅图像的平移向量：
[136.088338629663;
 92.87791242861888;
 378.6675366850698]

第6幅图像的旋转向量：
[2.080739020259452;
 -2.075023237655096;
 0.2751088767071137]
第6幅图像的旋转矩阵：
[0.003106236930970341, -0.9999916534868084, -0.00265410038381414;
 -0.9647521120612595, -0.002298340513065322, -0.263150299076829;
 0.2631420026629486, 0.003377956128295667, -0.9647511989352116]

第6幅图像的平移向量：
[54.51381399117463;
 121.4326437174231;
 404.1788167960077]

第7幅图像的旋转向量：
[2.124563835952999;
 -2.106613206445258;
 0.3167924817667009]
第7幅图像的旋转矩阵：
[0.001727997913711921, -0.9984717491828349, 0.05523748823923859;
 -0.9705570767425061, -0.01497938292381396, -0.2404050308796856;
 0.2408650551828784, -0.053195715720268, -0.9690997064393103]

第7幅图像的平移向量：
[115.9861946877337;
 101.7799031416674;
 386.8085893584207]

第8幅图像的旋转向量：
[2.169212007134275;
 -2.17984152866727;
 0.08028501934554233]
第8幅图像的旋转矩阵：
[-0.004494681210823637, -0.9999451002257214, -0.009465430544111204;
 -0.9965396362257566, 0.005264593579794474, -0.08295201917660897;
 0.08299729677435272, 0.009059833829155747, -0.9965085890945136]

第8幅图像的平移向量：
[107.9954971853024;
 103.0716570567139;
 404.6399381569409]

第9幅图像的旋转向量：
[2.129155459456419;
 -2.179469663040434;
 0.04794094191981428]
第9幅图像的旋转矩阵：
[-0.02131737132340883, -0.9987393610066382, -0.04544511476399146;
 -0.9957750367708615, 0.02527108186377602, -0.08828051067718107;
 0.08931766803857702, 0.04337120239844397, -0.9950584369667259]

第9幅图像的平移向量：
[80.96383937653636;
 70.12305220499663;
 421.0091254592955]

第10幅图像的旋转向量：
[-2.166982734022698;
 2.185121051793049;
 -0.2245487775802369]
第10幅图像的旋转矩阵：
[-0.01279308461252893, -0.9898185454232374, 0.1417588943323251;
 -0.9979622994893912, 0.003776201726828243, -0.0636944981797119;
 0.0625106853581345, -0.1422848812655264, -0.9878499009360234]

第10幅图像的平移向量：
[95.9256509793944;
 87.55489504624211;
 425.5822142230165]


